· (1111161191,1ο, 93.

’ 1111111111,ι17.

171 mm

G. 11.

(111111,φί1191.
Gom& '

(111911111,115.

Η1111117111, 91.
111 y, 118.

11.

1101111111, 91.
111111(111),1119.19. ·

flas 11111 919. 11, 17, 1111111111,ιό1.

(1111911111(1111111111),111 11,15, 37, ιιι ,1919 Hoofplssfflssio 2 ²7·

Goyk,'91. ·
Grmen (ι’) 1111111, 54.
0111111111, 91.
, (111111111917,137.

nnumin, ufl-

11111, quid? 118.
flumin, 1651911 Ε.
1111ιί111, 111.
1111111, 71.
1111111111, 133.
11111111, 138.
1111111111, 111.
11171111, 65. ’
1111111, 71.

111111, 117.
11111111 , ’118.
111111, 119.

Boiai, 65.-

’11. 1111119111111, 11, 55.
1111119117, 81.
1111911 duplex fl. 11.
1111111111, 118, oq.

(111ωηὶ11911, 91.
01111111111, 151.

6111111111111, 117.
6111111111, ib.
(1111119111, 51.
(1111111111, 151. ’·
(11111111,19. .
(1711111111, 91. “

11191111111 1111111,19.
1111111111, 117.
111111, 138.
1111111(11)1.11.
’ 11ιί1111111 711911,111.
1111111111,151. ”
11111111,118.
111111,11619.
111111111, 91.
11111111,111. ¹
1111119111, 117 sq.
11111111,91.
11111,111.
11111111,11719.
11111111111, ιι .
11111111 (11111111), 71.
11111111,69. · · 1111111111111,111.
nm 11. 11. 11111111, 65.
1111191111 919. 11, 11, 11111111111,89.
17,11,19, 3,37,131. 1111111111,119. “

11111111, 91, , 1. 1.
111111111, 111.
1111111, 118.
111111111Ιί11, 111,
1111119111, 94.
11111111, 119.
11111119. ’
11111111, 118.
11111111, 119.
1111911 117.
1111111111, 119. '
111111111111111, 71, 1. 1.
1111111111, 111.

-91911111,11,11,13119. 11111111, 71 aq.
-111191911111, 131‚sqq. 11111111, 119.
limonia, 19. Boium, 118.
11111111111111111,11. 1111111111, 11.
1111111111,86,91; Η111111111111111,11.

HQ· ’-

1111111111, 91.

1111711191 7119111. 11, 111. 1111111, 133.

11111111, 71.
1111111, 51.

1111111111, 1119119. ·
1111, 96
1111,1 .
maffia.
1.

1111 11. 11.

, sumpta, 119 tq.

111111 fl. 13,1. 1.
111111 1.·ι1.
1111119711, 119.
11111,91.
11111911, 116.

ν 11111117,151.

Κ..

1111111111, 118.
1111111911 ,’ 66.
11117, 138.
1111111, 75.

11111911, 118.

· 11111111, 18.
, 11111111-(111111,16.Ι ·

 

