171

11.

11116717, 141, 161.

moritania, 111.

111111 ¹
o.

Ρ.

01111111 7111111116, 19, 1111111111, 161, 11,·

Ι(1(1·

6111111111 1111111, 19, 1. 1. 0161111111, 71.

nors-nult, 16.

1111111161, 111 , i. 1.
1111111111, ib.

061111, 116.

1111111111.-

Okerghem, 113 ,1. 1.

111116. 16,17, 19,11, 0111761116.

sqq. 41, 66.

011111111611, 67.

- 1111111111, 1ο, 13. . 0116117, 91.
1111111911, 111.

11.

001111914196101
0111111111 , ib.

0161176111, 46.
0111111161, 96.

6111111116 7117111. 14, 0171116111,111.

166.

1111111111 , 14, 166.

1111111, 111.
111117, 16.

0161111, 67.
01111111 im. 49.
01711111, 11. ¹
011114011111), 71.

11111111117119111. 14,111. 01111111, 67. ·
1111111 711711. nostr. 16, 0111711719. 14,16,16, Rodium, ¹4²·

16 sq.
1111111111, 71.

11716, 37,61 11717.

0111111111 11111, 16, 61.

11161111111 1111,41,46. 3771116111, 113. θ Μ

11111161, 111.

1111111 natio, 14 , 19, 34.

11111116. 14.
1111111111, 161.
neustria, 36.
1111111111, 161.
1111116111, 111.
11111717, 161.
111111116111, 111.
11171111, 161.
1111111,16, 111.

p· .
1111111111 7117.- 11.

1111111111, 111.
1111811161, 141.
117111111111111111111164,
11111161

1111111, 111.

11.

1111117611, 114.
11161711, 16.

111117, 16.
1111,141,1.1.

111111, ib. ,

nain, 166.

11111111 6. 11.

1116111111, 161.
11171ιώ11111 61111, 13.

111111111111111, 41.
- 111111, 49.
1111617111, 17.

11116111, 66, 114.
11116111, 114.
1111111111, 73.
1111111111, 114. .

1117111(1111, 111111), eim 11171111 fl. 14.
origo, 11711111, 11111, 61111111111 1717174. .
11111111,ὰί11111,9-11. 6111111111,166. ’

111111, 71.
1111111111, 111.
1171116111, 49.

11111116. 1111711. 11, 14, 66. Plpissssltndia, ib·

11111111, 111.
1111116111, 66.
1111171111, 111.
1111611111, 71.
Romami 11111, 37.
1111111111, 161.

0.

0611111161, 77, 1. 1.
0611111111 ο7171111.111.

1111(11171111)11711,17.

111111111111, 156.
Pet-on· 141 , 1. 1.
Perenne, ib.
11111111, 166.
Petu 01111111, 64.
Pauly, 113.
11117111, 71.
Piscium 711111 31.
1111161111, 31.

meruit, 11.

11711111 7117111. 14, 16.
14, 6ο, 61 oq.

a

6111111, 116.
6111111111, 166.
61116116. 11 sq.
6111611411), 14.
8111611116917111.14,111.
61161111 1111111, 14.
6111111, 116.

Sancto, 169.

S. 1111111,.137, 1. 1.

· 611111711111111, 16. ·

 

