INDEX.
8. 38.

T.

8.(1333131, 135. 83111 1131183111 91901. ..13 311111611300 , 73.

8301983311. 50. 810161191, 56.
83383319 991311, 38. 83011, 38.
8. 8111111611,117,11. 8101161311, 38.
8. 811111, 38. 8060311, 159.
8. 811111313 11101111. 77. 8019813119. 19.
8. ’3311081363 op„ 13. 80391311, 106.
8.Τ101,111,3.1. 8031111117,11.
811183138111, 38.80311131131,38.
811111, 159. 801111,136. 81111.
81113913111,111,3.1. 80119311,106.
8111391311,318. 8013191,19.
811111311, 158. 8011198119, 108.
81133111, 1313. 8911191 111. 18.
81116113131919133.11,11.89,1111613 61.
...1338333333 ”3’ 31333333ἶὲῗί ’33
81136318. 13, 11, 1119 811913, 91363118.
391 summm. 62·
.81131111131,111. 81113191,16.
8111111, 101,3.1. 8111081191, 61.
8111131, 38. 8110111133. 61.
811190186. 10. 81111113111 ,59119
801111, 67 81 111319139111.11,11,
8111318116, 38. 9,19.60-11’1.
8111133111,116111. 811111,106.
81801161, 105,3. 1. 8111011113,18.
schum-Ardea, 38.
&honde ss· 481 T·
81801111 311. 11 19.
31811111,113.
313130,115. ’
3311111138 15, 19, 58.
3111161311138, 15 ,31

3381131 5,7.

Τ8113111,115.
Τ81111,113.

, 33110131313331, 113.

33131011, 1133
Τ83113111,117.
3803111 3131. 15.
Τ801111,77. ·
38011363 13311, 73.
Τ8131,117.
33161311, 113, 3. 1.
33111311,331.
331331313,107.
3313061113 , 151.
3331311011, 113.

. Tomoe, 88.

3081131,107.
301911181099. 10, 15.

33019111, 111.
Το1913131.113 19.

3013110111, 107.

’33011 ,77
wan-’ohaam 1118

33010111,113.
330113118111,107.
3111311,113.

3111111181 superius, 77.
3111311118 919. 10.
311131311130, 19.
3139711311 legio, 10301131,

Τ18681090131,11119.
318118 ,107

311116131919.113.919133 33131311, 3331.
11, 16, 37,181117 33111313.
1111·1,9,11199.,11, 311191311ῑὶ0, 31.

5811,
Τ1113111930,117.

8111311(11381111),..81519 33111111, 561191. e.
8111131111, 111. 3311111, 38.
811011181911, 81. 31111138. 15.
81111(3111111101161),81 ’31111110161,107.
819131811311, 113. 3311301, 151, 331.
81183111, 106. 3311303111, 38.
8318111,10. 3331110311,136. 33310311.

Τ111131311,87.
31111991, 89.

3311118011, 73.

’131103 , 151.

U.

6110113131, 108.
8113901611, 135.

 

